1569 7495
5808 3255
8750 1559
1761 8928
3922 9773
4733 9618
367 5344
3147 9202
1807 6824
9155 3770
711 6386
1152 5465
1888 9816
1025 1372
2213 9357
8158 6964
2093 9726
7471 7499
4838 8214
728 1072
6511 49
5835 1111
7332 9106
1633 9605
6851 177
4538 3831
8865 6934
700 4090
7670 9909
4766 6690
8114 3625
4700 9779
4102 7993
4445 3703
9523 8665
8133 683
4666 9650
8098 9387
768 4608
9584 9053
1137 6001
4994 1394
8406 4873
9152 9636
1990 2536
2433 5169
9551 2026
865 7580
3443 2664
8768 6211
7245 488
2738 6286
5893 5176
1920 7855
2256 1952
1364 1187
1146 3979
1766 1027
7228 4443
1115 5935
154 7433
4731 6907
6292 1009
1937 6442
3021 2102
7335 9474
7871 49
6983 7845
7002 1632
119 1219
4216 2556
2867 7300
6471 6160
6383 5922
6041 2728
9157 1538
4591 5869
4789 9463
6333 4759
3400 957
7155 8986
8665 6540
1529 8715
1044 1326
765 1129
2013 5778
5472 2102
5553 2061
5884 4874
9281 9694
4292 5990
7174 4532
6132 3812
2460 3875
6513 3501
8723 4290
3345 7478
9064 9605